Classification Report:
              precision    recall  f1-score   support

           1       0.38      0.72      0.50      1314
           2       0.50      0.65      0.57      1183
           3       0.31      0.16      0.21       662
           4       0.06      0.03      0.04       134
           5       0.39      0.20      0.26       204
           6       0.19      0.10      0.13       497
           7       0.47      0.13      0.21        53
           8       0.70      0.11      0.19        65
           9       0.14      0.01      0.03        69
          10       0.50      0.07      0.12        28
          11       0.52      0.11      0.18       129
          12       0.38      0.04      0.07        75
          13       0.00      0.00      0.00        34
          14       0.00      0.00      0.00        19
          15       0.50      0.02      0.03        65
          16       0.50      0.19      0.28        36
          17       0.64      0.10      0.18        68
          18       0.71      0.14      0.23        73
          19       0.55      0.40      0.46        90
          20       0.00      0.00      0.00        24
          21       0.00      0.00      0.00        15
          22       0.00      0.00      0.00        25
          23       0.00      0.00      0.00        27
          24       0.53      0.69      0.60        13
          25       0.50      0.06      0.10        18
          26       0.00      0.00      0.00        15
          27       0.00      0.00      0.00        65

    accuracy                           0.40      5000
   macro avg       0.31      0.15      0.16      5000
weighted avg       0.38      0.40      0.35      5000

Accuracy Score: 0.4046
