Classification Report:
              precision    recall  f1-score   support

           1       0.47      0.80      0.59      1314
           2       0.59      0.88      0.71      1183
           3       0.44      0.45      0.44       662
           4       0.00      0.00      0.00       134
           5       0.74      0.35      0.47       204
           6       0.55      0.14      0.22       497
           7       1.00      0.02      0.04        53
           8       0.50      0.06      0.11        65
           9       1.00      0.01      0.03        69
          10       0.00      0.00      0.00        28
          11       0.80      0.03      0.06       129
          12       0.33      0.01      0.03        75
          13       0.00      0.00      0.00        34
          14       0.00      0.00      0.00        19
          15       0.00      0.00      0.00        65
          16       0.60      0.08      0.15        36
          17       1.00      0.15      0.26        68
          18       1.00      0.05      0.10        73
          19       0.93      0.44      0.60        90
          20       0.00      0.00      0.00        24
          21       0.00      0.00      0.00        15
          22       0.00      0.00      0.00        25
          23       0.00      0.00      0.00        27
          24       1.00      0.23      0.38        13
          25       0.00      0.00      0.00        18
          26       0.00      0.00      0.00        15
          27       0.00      0.00      0.00        65

    accuracy                           0.52      5000
   macro avg       0.41      0.14      0.15      5000
weighted avg       0.51      0.52      0.44      5000

Accuracy Score: 0.5212
